**********************************************************************************
****     Annual temperature anomalies (land + ocean) for three latitude
****     bands (90N-23.6N, 23.6N-23.6S,23.6S-90S) that cover
****     30%, 40% and 30% of the global area, respectively.
****
****                             (1900-2014)
****
****     Source: R. Ruedy,* M. Sato,** and K. Lo*
****
****    *Trinnovim LLC
****     NASA Goddard Institute for Space Studies
****     New York, NY
****   **Columbia University
****     NASA Goddard Institute for Space Studies
****     New York, NY
****
**********************************************************************************
Global annual temperature anomalies (degrees C) computed from
land and ocean data, for three latitude bands, 1900-2014.

Anomalies are relative to the 1951-1980 base period means.

Non-computed values are indicated by "-9.99".

------------------------------------------
       Annual Anomalies
      for latitude bands   5-yr means
      -----------------|-----------------
1900  -0.16 -0.01 -0.33 -9.99 -9.99 -9.99
1901  -0.11 -0.16 -0.37 -9.99 -9.99 -9.99
1902  -0.45 -0.16 -0.34 -0.31 -0.22 -0.37
1903  -0.39 -0.32 -0.39 -0.34 -0.26 -0.38
1904  -0.42 -0.47 -0.40 -0.36 -0.28 -0.37
1905  -0.34 -0.19 -0.39 -0.38 -0.32 -0.37
1906  -0.20 -0.26 -0.32 -0.39 -0.36 -0.36
1907  -0.55 -0.38 -0.34 -0.39 -0.37 -0.37
1908  -0.42 -0.50 -0.35 -0.40 -0.44 -0.37
1909  -0.44 -0.50 -0.44 -0.43 -0.48 -0.41
1910  -0.38 -0.54 -0.42 -0.43 -0.46 -0.43
1911  -0.34 -0.46 -0.51 -0.43 -0.43 -0.43
1912  -0.57 -0.28 -0.42 -0.38 -0.37 -0.40
1913  -0.41 -0.39 -0.37 -0.34 -0.27 -0.37
1914  -0.22 -0.17 -0.30 -0.33 -0.27 -0.33
1915  -0.18 -0.07 -0.25 -0.30 -0.33 -0.29
1916  -0.28 -0.45 -0.30 -0.29 -0.32 -0.27
1917  -0.43 -0.57 -0.25 -0.33 -0.32 -0.26
1918  -0.35 -0.34 -0.24 -0.34 -0.37 -0.27
1919  -0.43 -0.19 -0.27 -0.27 -0.34 -0.27
1920  -0.19 -0.31 -0.29 -0.22 -0.30 -0.29
1921   0.04 -0.31 -0.31 -0.17 -0.29 -0.31
1922  -0.19 -0.33 -0.32 -0.10 -0.30 -0.34
1923  -0.09 -0.31 -0.34 -0.06 -0.29 -0.36
1924  -0.07 -0.23 -0.42 -0.06 -0.22 -0.37
1925   0.01 -0.25 -0.39 -0.04 -0.18 -0.37
1926   0.05  0.01 -0.37 -0.02 -0.15 -0.38
1927  -0.09 -0.13 -0.35 -0.07 -0.15 -0.38
1928  -0.01 -0.13 -0.37 -0.04 -0.12 -0.38
1929  -0.30 -0.25 -0.41 -0.04 -0.11 -0.38
1930   0.13 -0.10 -0.39  0.00 -0.11 -0.38
1931   0.08  0.06 -0.40 -0.03 -0.13 -0.36
1932   0.12 -0.12 -0.31  0.07 -0.12 -0.33
1933  -0.20 -0.24 -0.31  0.04 -0.14 -0.31
1934   0.21 -0.22 -0.23  0.03 -0.17 -0.27
1935   0.01 -0.16 -0.29  0.05 -0.14 -0.24
1936   0.01 -0.09 -0.23  0.18 -0.12 -0.20
1937   0.24  0.02 -0.16  0.20 -0.10 -0.17
1938   0.43 -0.13 -0.07  0.22 -0.03 -0.14
1939   0.29 -0.12 -0.11  0.21  0.05 -0.12
1940   0.12  0.16 -0.11  0.18  0.06 -0.09
1941  -0.03  0.32 -0.13  0.17  0.07 -0.09
1942   0.11  0.09 -0.05  0.19  0.11 -0.07
1943   0.37 -0.11 -0.03  0.18  0.08 -0.06
1944   0.38  0.08 -0.02  0.20 -0.00 -0.07
1945   0.07  0.03 -0.09  0.21 -0.04 -0.09
1946   0.05 -0.10 -0.15  0.16 -0.06 -0.13
1947   0.16 -0.09 -0.18  0.10 -0.11 -0.16
1948   0.13 -0.20 -0.20  0.07 -0.18 -0.18
1949   0.10 -0.20 -0.20  0.08 -0.17 -0.19
1950  -0.08 -0.29 -0.15  0.07 -0.15 -0.16
1951   0.09 -0.06 -0.21  0.11 -0.10 -0.15
1952   0.10  0.01 -0.06  0.10 -0.10 -0.14
1953   0.35  0.05 -0.12  0.12 -0.10 -0.11
1954   0.04 -0.20 -0.16  0.06 -0.15 -0.06
1955   0.04 -0.32 -0.02  0.05 -0.14 -0.05
1956  -0.22 -0.31  0.04 -0.00 -0.12 -0.07
1957   0.03  0.06 -0.01  0.02 -0.07 -0.06
1958   0.09  0.18 -0.18  0.03 -0.00 -0.10
1959   0.14  0.06 -0.14  0.10  0.06 -0.10
1960   0.09  0.00 -0.22  0.15  0.04 -0.13
1961   0.17 -0.02  0.03  0.17  0.04 -0.12
1962   0.28  0.00 -0.15  0.09  0.00 -0.14
1963   0.17  0.15 -0.11  0.04 -0.00 -0.12
1964  -0.25 -0.12 -0.25 -0.02  0.02 -0.15
1965  -0.17 -0.03 -0.14 -0.05 -0.01 -0.12
1966  -0.12  0.08 -0.12 -0.10 -0.04 -0.11
1967   0.12 -0.11  0.00 -0.10  0.05 -0.06
1968  -0.08 -0.02 -0.06 -0.09  0.07 -0.00
1969  -0.25  0.32  0.03 -0.07  0.01  0.04
1970  -0.10  0.08  0.13 -0.16  0.07  0.08
1971  -0.04 -0.22  0.11 -0.12  0.10  0.12
1972  -0.34  0.17  0.17 -0.11  0.00  0.15
1973   0.12  0.17  0.16 -0.06 -0.06  0.15
1974  -0.17 -0.19  0.19 -0.11 -0.04  0.14
1975   0.11 -0.23  0.14 -0.02 -0.05  0.14
1976  -0.27 -0.12  0.02 -0.05 -0.07  0.15
1977   0.12  0.12  0.21 -0.03  0.00  0.14
1978  -0.05  0.05  0.17 -0.04  0.10  0.19
1979  -0.05  0.20  0.17  0.11  0.15  0.24
1980   0.04  0.24  0.38  0.07  0.17  0.21
1981   0.48  0.13  0.27  0.12  0.23  0.21
1982  -0.08  0.22  0.07  0.13  0.22  0.22
1983   0.22  0.38  0.17  0.11  0.19  0.19
1984   0.00  0.14  0.20  0.03  0.20  0.16
1985  -0.05  0.06  0.22  0.06  0.26  0.18
1986   0.08  0.18  0.14  0.09  0.24  0.22
1987   0.04  0.52  0.19  0.17  0.24  0.23
1988   0.38  0.32  0.36  0.29  0.29  0.25
1989   0.39  0.10  0.26  0.36  0.32  0.29
1990   0.58  0.31  0.29  0.37  0.26  0.30
1991   0.43  0.34  0.37  0.31  0.26  0.27
1992   0.05  0.25  0.23  0.32  0.29  0.24
1993   0.12  0.28  0.18  0.34  0.31  0.22
1994   0.42  0.28  0.14  0.31  0.30  0.23
1995   0.70  0.40  0.18  0.41  0.35  0.24
1996   0.24  0.31  0.41  0.54  0.43  0.26
1997   0.56  0.50  0.27  0.61  0.42  0.30
1998   0.80  0.68  0.32  0.61  0.39  0.32
1999   0.73  0.21  0.30  0.72  0.40  0.32
2000   0.71  0.23  0.31  0.77  0.41  0.35
2001   0.80  0.39  0.40  0.77  0.39  0.37
2002   0.82  0.56  0.44  0.77  0.45  0.36
2003   0.79  0.58  0.39  0.82  0.52  0.39
2004   0.73  0.51  0.27  0.85  0.55  0.38
2005   0.98  0.58  0.43  0.90  0.52  0.38
2006   0.94  0.50  0.36  0.91  0.47  0.36
2007   1.07  0.42  0.43  0.91  0.49  0.39
2008   0.85  0.34  0.32  0.91  0.50  0.38
2009   0.71  0.62  0.42  0.90  0.47  0.41
2010   0.96  0.64  0.39  0.87  0.48  0.39
2011   0.89  0.34  0.47  0.87  0.51  0.42
2012   0.94  0.45  0.35  0.93  0.51  0.42
2013   0.86  0.50  0.46 -9.99 -9.99 -9.99
2014   1.01  0.60  0.43 -9.99 -9.99 -9.99
      -----------------------------------
